%YAML:1.0
features:
   - 1.
   - 5.0000000000000000e-01
   - 3.3333333333333331e-01
   - 2.5000000000000000e-01
   - 2.0000000000000001e-01
   - 1.6666666666666666e-01
   - 1.4285714285714285e-01
   - 1.2500000000000000e-01
   - 1.1111111111111110e-01
   - 1.0000000000000001e-01
   - 9.0909090909090912e-02
   - 8.3333333333333329e-02
   - 7.6923076923076927e-02
   - 7.1428571428571425e-02
   - 6.6666666666666666e-02
   - 6.2500000000000000e-02
   - 5.8823529411764705e-02
   - 5.5555555555555552e-02
   - 5.2631578947368418e-02
   - 5.0000000000000003e-02
